00020100210200 0 2
38
00120100210200 0 2
40
00110100220200 0 2
36
00120100211200 0 2
40
00020100000211 0 2
38
00020011000211 0 2
42
00120011000211 0 2
44
00000111000211 0 2
40
00020111000211 0 2
38
00120111000211 0 2
40
00020100100211 0 2
38
00020011100211 0 2
40
00120011100211 0 2
42
00020111100211 0 2
38
00120111100211 0 2
40
00020100200211 0 2
38
00020011200211 0 2
40
00120011200211 0 2
42
00020111200211 0 2
38
00120111200211 0 2
40
00120011001211 0 2
44
00000111001211 0 2
40
00120111001211 0 2
40
00120011101211 0 2
42
00120111101211 0 2
40
00120011201211 0 2
42
00120111201211 0 2
40
00020100000220 0 2
38
00120020000220 0 2
40
00120120000220 0 2
36
00020100100220 0 2
38
00120020100220 0 2
38
00120120100220 0 2
36
00120020110220 0 2
42
00120120110220 0 2
42
00120020210220 0 2
38
00120120210220 0 2
36
00121120210220 0 2
40
00220010110022 0 2
36
00220010120022 0 2
36
01020111010211 0 2
43
01120111010211 0 2
45
01020111100211 0 2
39
01120111100211 0 2
41
01020111200211 0 2
39
01120111200211 0 2
41
01120111011211 0 2
45
01120111101211 0 2
41
01120111201211 0 2
41
01120120010220 0 2
41
01120120100220 0 2
37
01120120110220 0 2
41
01120120210220 0 2
37
01121120210220 0 2
41
10020110210210 0 2
37
10120110210210 0 2
39
10120110211210 0 2
39
10020110100211 0 2
37
10020111100211 0 2
37
10100111100211 0 2
39
10120111100211 0 2
39
10021011100211 0 2
41
10121011100211 0 2
43
10020110200211 0 2
37
10020111200211 0 2
37
10120111200211 0 2
39
10021011200211 0 2
41
10121011200211 0 2
43
10100111101211 0 2
39
10120111101211 0 2
39
10121011101211 0 2
43
10120111201211 0 2
39
10121011201211 0 2
43
10020110100220 0 2
37
10121020100220 0 2
39
10120120110220 0 2
43
10121020110220 0 2
43
10121020210220 0 2
39
10121120210220 0 2
39
10100120211220 0 2
43
11020110110210 0 2
36
11110110110210 0 2
38
11120110110210 0 2
38
11020111110210 0 2
36
11120111110210 0 2
42
11020110210210 0 2
36
11110110210210 0 2
40
11120110210210 0 2
38
11020111210210 0 2
36
11120111210210 0 2
40
11110110220210 0 2
36
11110110221110 0 2
36
11110110111210 0 2
38
11120110111210 0 2
38
11120111111210 0 2
42
11110110211210 0 2
48
11120110211210 0 2
38
11120111211210 0 2
40
11020111210211 0 2
38
11120111210211 0 2
40
11120111211211 0 2
40
11121120100220 0 2
38
11020111110220 0 2
36
11121120110220 0 2
40
11020111210220 0 2
36
11121120210220 0 2
38
11110120211220 0 2
42
11221110120122 0 2
36
11221110121122 0 2
36
12110110120210 0 2
43
12120110120210 0 2
37
12120111120210 0 2
37
12020110210210 0 2
37
12120110210210 0 2
39
12020111210210 0 2
37
12120111210210 0 2
39
12020112210210 0 2
37
12110110220210 0 2
43
12120111211210 0 2
39
12110110221210 0 2
45
12120111120211 0 2
37
12021211120211 0 2
45
12020111210211 0 2
39
12120111210211 0 2
41
12020112210211 0 2
39
12021211220211 0 2
45
12120111211211 0 2
41
12020112210212 0 2
39
12120111120220 0 2
37
12110120120220 0 2
37
12020111210220 0 2
37
12120111210220 0 2
39
12020112210220 0 2
37
12110120220220 0 2
37
12120111211220 0 2
39
12110120221220 0 2
39
12221210110222 0 2
37
12221210111222 0 2
37
20020110200210 0 2
36
20110110200210 0 2
42
20120110200210 0 2
38
20200110200210 0 2
38
20020111200210 0 2
36
20120111200210 0 2
38
20200111200210 0 2
38
20020120200210 0 2
36
20120120200210 0 2
42
20110110220210 0 2
38
20200110220210 0 2
38
20110110221110 0 2
38
20200110221110 0 2
38
20110110201210 0 2
48
20120110201210 0 2
38
20200110201210 0 2
38
20120111201210 0 2
38
20200111201210 0 2
38
20120120201210 0 2
42
20200110222010 0 2
38
20020111200211 0 2
36
20120111200211 0 2
38
20200111200211 0 2
38
20022011200211 0 2
42
20122011200211 0 2
44
20020120200211 0 2
36
20120111201211 0 2
38
20200111201211 0 2
38
20122011201211 0 2
44
20020120210220 0 2
38
20120120210220 0 2
40
20120120211220 0 2
40
20222010120122 0 2
38
20222110120122 0 2
38
20222010121122 0 2
38
20222110121122 0 2
38
20222010122022 0 2
38
21110110210210 0 2
41
21120110210210 0 2
37
21210110210210 0 2
37
21120111210210 0 2
37
21210111210210 0 2
37
21120121210210 0 2
41
21110110220210 0 2
37
21210110220210 0 2
37
21110110221110 0 2
37
21210110221110 0 2
37
21110110211210 0 2
47
21120110211210 0 2
37
21210110211210 0 2
37
21120111211210 0 2
37
21210111211210 0 2
37
21120121211210 0 2
41
21210110222110 0 2
37
21120111210211 0 2
37
21210111210211 0 2
37
21022111210211 0 2
43
21122111210211 0 2
45
21120111211211 0 2
37
21210111211211 0 2
37
21122111211211 0 2
45
21122120100220 0 2
39
21120111210220 0 2
37
21210111210220 0 2
37
21122120210220 0 2
39
21120111211220 0 2
37
21210111211220 0 2
37
21110120211220 0 2
41
21222110120122 0 2
37
21222110121122 0 2
37
21222110122122 0 2
37
22020122210210 0 2
38
22110110220210 0 2
42
22120110220210 0 2
36
22220110220210 0 2
36
22120111220210 0 2
36
22220111220210 0 2
36
22120122220210 0 2
42
22110110221210 0 2
46
22120110221210 0 2
36
22220110221210 0 2
36
22120111221210 0 2
36
22220111221210 0 2
36
22120122221210 0 2
42
22020122210211 0 2
40
22120111220211 0 2
36
22220111220211 0 2
36
22022211220211 0 2
44
22122211220211 0 2
46
22120111221211 0 2
36
22220111221211 0 2
36
22122211221211 0 2
46
22020122210220 0 2
38
22120111220220 0 2
36
22220111220220 0 2
36
22110120220220 0 2
36
22122220220220 0 2
40
22120111221220 0 2
36
22220111221220 0 2
36
22110120221220 0 2
40
22020122210222 0 2
40
